0.134386 0.658764 0.051352 0.155498 
0.015274 0.287399 0.553187 0.144140 
0.365913 0.554696 0.060478 0.018913 
0.118514 0.276749 0.141173 0.463564 
0.323176 0.063756 0.285463 0.327605 
0.040954 0.052846 0.481737 0.424463 
0.435751 0.185190 0.064182 0.314877 
0.453506 0.071588 0.225487 0.249419 
0.026104 0.582831 0.152670 0.238395 
0.220543 0.194582 0.296031 0.288844 
0.390044 0.205859 0.153676 0.250421 
0.176960 0.331024 0.028310 0.463706 
0.395343 0.003577 0.139043 0.462037 
0.279871 0.250378 0.132856 0.336895 
0.181113 0.657885 0.094807 0.066195 
0.089894 0.816646 0.091781 0.001679 
0.197354 0.438113 0.198739 0.165794 
0.630391 0.071020 0.182232 0.116357 
0.569037 0.159928 0.222873 0.048162 
0.056894 0.181951 0.473209 0.287946 
0.292088 0.132636 0.319857 0.255419 
0.232827 0.342742 0.156929 0.267502 
0.323657 0.113814 0.503141 0.059388 
0.116241 0.359125 0.292185 0.232449 
0.005695 0.655166 0.268367 0.070772 
0.248250 0.177015 0.049288 0.525447 
0.001948 0.611064 0.157430 0.229558 
0.298267 0.068348 0.188129 0.445256 
0.114633 0.295583 0.397195 0.192589 
0.026518 0.424887 0.260883 0.287712 
0.066254 0.480889 0.287060 0.165797 
0.299196 0.467657 0.080023 0.153124 
0.256339 0.494965 0.098177 0.150519 
0.055077 0.690907 0.167900 0.086116 
0.068675 0.764845 0.131263 0.035217 
0.047946 0.554986 0.142084 0.254984 
0.109390 0.018760 0.268152 0.603698 
0.029684 0.232860 0.218198 0.519258 
0.539302 0.042592 0.242772 0.175334 
0.385654 0.016961 0.238760 0.358625 
0.179915 0.624584 0.110425 0.085076 
0.262189 0.237207 0.451817 0.048787 
0.308718 0.252084 0.173307 0.265891 
0.128564 0.422683 0.236254 0.212499 
0.149712 0.524866 0.216547 0.108875 
0.071652 0.658674 0.202102 0.067572 
0.192830 0.253675 0.357727 0.195768 
0.360371 0.280788 0.188673 0.170168 
0.028573 0.308310 0.023475 0.639642 
0.020237 0.357222 0.291723 0.330818 
0.182638 0.378957 0.003596 0.434809 
0.142046 0.143946 0.186957 0.527051 
0.265549 0.318393 0.216470 0.199588 
0.149846 0.073879 0.484239 0.292036 
0.041972 0.345856 0.459984 0.152188 
0.171593 0.037387 0.358416 0.432604 
0.354720 0.019734 0.060368 0.565178 
0.059769 0.041798 0.765191 0.133242 
0.405756 0.101347 0.224463 0.268434 
0.505328 0.105031 0.143086 0.246555 
0.857498 0.037656 0.032223 0.072623 
0.671525 0.223038 0.028385 0.077052 
0.275641 0.031601 0.550210 0.142548 
0.443778 0.181331 0.334772 0.040119 
0.082711 0.372532 0.481504 0.063253 
0.312463 0.170523 0.339738 0.177276 
0.279833 0.196335 0.449219 0.074613 
0.085406 0.087153 0.741752 0.085689 
0.309928 0.261897 0.026670 0.401505 
0.428716 0.132943 0.255054 0.183287 
0.119891 0.688734 0.175402 0.015973 
0.339529 0.015692 0.603009 0.041770 
0.383788 0.148204 0.106993 0.361015 
0.078458 0.464093 0.408932 0.048517 
0.778401 0.070663 0.063845 0.087091 
0.296726 0.039751 0.642395 0.021128 
0.205426 0.375843 0.417385 0.001346 
0.088261 0.330256 0.039508 0.541975 
0.050500 0.292872 0.217395 0.439233 
0.175586 0.285056 0.058656 0.480702 
0.147027 0.583584 0.050384 0.219005 
0.417806 0.071611 0.072087 0.438496 
0.011432 0.200339 0.118237 0.669992 
0.008941 0.018940 0.812094 0.160025 
0.186330 0.218314 0.320168 0.275188 
0.343353 0.109791 0.101463 0.445393 
0.225920 0.532900 0.215090 0.026090 
0.139411 0.557522 0.140497 0.162570 
0.083422 0.163557 0.063938 0.689083 
0.184821 0.302385 0.325838 0.186956 
0.155390 0.113733 0.445997 0.284880 
0.559069 0.096302 0.177432 0.167197 
0.167666 0.197763 0.562945 0.071626 
0.050494 0.002153 0.358782 0.588571 
0.289723 0.125283 0.427301 0.157693 
0.127336 0.164904 0.154077 0.553683 
0.175097 0.227404 0.045269 0.552230 
0.152366 0.057288 0.289589 0.500757 
0.098078 0.091976 0.229433 0.580513 
0.007139 0.472318 0.118637 0.401906 
0.287227 0.582264 0.000417 0.130092 
0.035825 0.937846 0.006250 0.020079 
0.361269 0.390126 0.112714 0.135891 
0.225573 0.185354 0.117886 0.471187 
0.315868 0.119320 0.324423 0.240389 
0.189158 0.751054 0.022543 0.037245 
0.022608 0.907522 0.011680 0.058190 
0.079919 0.131251 0.252913 0.535917 
0.075929 0.146164 0.302707 0.475200 
0.552153 0.017063 0.322672 0.108112 
0.082955 0.066424 0.048631 0.801990 
0.757031 0.018049 0.018153 0.206767 
0.168463 0.008358 0.070467 0.752712 
0.261968 0.386064 0.012300 0.339668 
0.248347 0.060614 0.536111 0.154928 
0.115579 0.093485 0.290124 0.500812 
0.101432 0.045572 0.404907 0.448089 
0.139990 0.079091 0.777001 0.003918 
0.165197 0.388566 0.365848 0.080389 
0.144249 0.691857 0.089361 0.074533 
0.502076 0.198739 0.230512 0.068673 
0.325252 0.041795 0.510292 0.122661 
0.379081 0.390306 0.086477 0.144136 
0.732079 0.021315 0.118218 0.128388 
0.145392 0.064565 0.470688 0.319355 
0.412609 0.007729 0.203041 0.376621 
0.233092 0.110664 0.463258 0.192986 
0.731803 0.113410 0.137567 0.017220 
0.094132 0.507845 0.224057 0.173966 
0.114112 0.184290 0.525384 0.176214 
0.045419 0.411252 0.492260 0.051069 
0.223032 0.674673 0.018578 0.083717 
0.109652 0.139108 0.398806 0.352434 
0.038086 0.040480 0.114422 0.807012 
0.205587 0.243335 0.152254 0.398824 
0.154974 0.319329 0.361952 0.163745 
0.250562 0.137050 0.214764 0.397624 
0.369587 0.430609 0.197302 0.002502 
0.151941 0.589415 0.248269 0.010375 
0.401873 0.178442 0.086316 0.333369 
0.166769 0.198415 0.530708 0.104108 
0.074724 0.124702 0.779705 0.020869 
0.569411 0.188487 0.182902 0.059200 
0.203061 0.143523 0.585306 0.068110 
0.189148 0.203984 0.215222 0.391646 
0.161470 0.205471 0.440965 0.192094 
0.017353 0.253282 0.640200 0.089165 
0.579801 0.026372 0.004591 0.389236 
0.218638 0.049411 0.140405 0.591546 
0.650863 0.104539 0.059586 0.185012 
0.441804 0.071805 0.175671 0.310720 
0.084719 0.261708 0.235052 0.418521 
0.268274 0.110734 0.119347 0.501645 
0.477947 0.233345 0.063064 0.225644 
0.531105 0.085974 0.033817 0.349104 
0.381439 0.202393 0.376719 0.039449 
0.095626 0.165353 0.394829 0.344192 
0.188752 0.629909 0.041824 0.139515 
0.638050 0.001784 0.247565 0.112601 
0.031021 0.177608 0.246811 0.544560 
0.140573 0.042259 0.725159 0.092009 
0.039294 0.124039 0.082808 0.753859 
0.257663 0.246732 0.298721 0.196884 
0.398563 0.441890 0.031028 0.128519 
0.010570 0.311317 0.488331 0.189782 
0.081813 0.000567 0.004776 0.912844 
0.307037 0.236864 0.135644 0.320455 
0.238580 0.258238 0.482136 0.021046 
0.371566 0.230556 0.280338 0.117540 
0.112148 0.437834 0.233864 0.216154 
0.211513 0.101683 0.659968 0.026836 
0.028642 0.031193 0.163831 0.776334 
0.049112 0.091491 0.164396 0.695001 
0.588827 0.284004 0.085000 0.042169 
0.090532 0.008921 0.880379 0.020168 
0.221928 0.596285 0.037782 0.144005 
0.242715 0.595522 0.036142 0.125621 
0.036582 0.694020 0.125309 0.144089 
0.023823 0.317191 0.358450 0.300536 
0.358345 0.006567 0.182946 0.452142 
0.424873 0.120219 0.451300 0.003608 
0.132535 0.803096 0.046991 0.017378 
0.082611 0.471757 0.237864 0.207768 
0.211723 0.748034 0.034627 0.005616 
0.295904 0.457701 0.008257 0.238138 
0.003200 0.253583 0.089943 0.653274 
0.413877 0.030972 0.279062 0.276089 
0.207925 0.047064 0.660093 0.084918 
0.217140 0.611465 0.166926 0.004469 
0.077353 0.412594 0.402006 0.108047 
0.350999 0.001827 0.595141 0.052033 
0.452712 0.070185 0.120500 0.356603 
0.135947 0.379203 0.152618 0.332232 
0.080478 0.063713 0.106968 0.748841 
0.402446 0.091452 0.085311 0.420791 
0.007935 0.073212 0.169821 0.749032 
0.333249 0.267689 0.368539 0.030523 
0.383744 0.192683 0.136828 0.286745 
0.292638 0.572997 0.098291 0.036074 
0.097084 0.544436 0.179864 0.178616 
