8 0.039499 0.317505 0.296916 0.346080 
10 0.095895 0.008985 0.692705 0.202415 
1 0.406550 0.003195 0.506683 0.083572 
6 0.070297 0.145289 0.755771 0.028643 
7 0.038393 0.571788 0.306999 0.082820 
8 0.118236 0.475075 0.295349 0.111340 
3 0.232544 0.220105 0.530381 0.016970 
5 0.814888 0.016209 0.086692 0.082211 
7 0.052581 0.839311 0.025867 0.082241 
8 0.070920 0.300032 0.086251 0.542797 
6 0.498837 0.207142 0.243380 0.050641 
1 0.334526 0.120787 0.493183 0.051504 
10 0.697506 0.232981 0.042011 0.027502 
1 0.231371 0.301608 0.416292 0.050729 
10 0.270027 0.328948 0.394830 0.006195 
6 0.174760 0.417122 0.262661 0.145457 
5 0.170567 0.000186 0.486460 0.342787 
2 0.180144 0.237402 0.267175 0.315279 
6 0.118918 0.104576 0.407541 0.368965 
9 0.201154 0.010047 0.414949 0.373850 
7 0.276791 0.160731 0.315622 0.246856 
4 0.127974 0.138142 0.287972 0.445912 
4 0.090888 0.014654 0.235004 0.659454 
5 0.058260 0.641620 0.276083 0.024037 
2 0.287131 0.227418 0.130572 0.354879 
5 0.033449 0.161252 0.231847 0.573452 
3 0.395017 0.034114 0.230136 0.340733 
11 0.160087 0.430635 0.351795 0.057483 
3 0.197058 0.551024 0.030462 0.221456 
11 0.544767 0.002452 0.328826 0.123955 
11 0.134042 0.138209 0.475862 0.251887 
11 0.047750 0.441709 0.202925 0.307616 
7 0.263870 0.280253 0.069035 0.386842 
1 0.440668 0.164988 0.286420 0.107924 
10 0.277194 0.070485 0.452221 0.200100 
2 0.549530 0.297609 0.016083 0.136778 
11 0.211501 0.274099 0.036150 0.478250 
5 0.310041 0.581535 0.004710 0.103714 
7 0.125904 0.612821 0.064205 0.197070 
9 0.117932 0.081520 0.780611 0.019937 
2 0.048583 0.092888 0.101413 0.757116 
5 0.273705 0.198087 0.484339 0.043869 
11 0.180570 0.046108 0.752939 0.020383 
2 0.401437 0.449263 0.108039 0.041261 
11 0.010436 0.563456 0.035629 0.390479 
5 0.283213 0.212395 0.015784 0.488608 
6 0.028900 0.402353 0.468216 0.100531 
6 0.259814 0.381820 0.186034 0.172332 
9 0.195206 0.446514 0.193850 0.164430 
8 0.341856 0.032072 0.093124 0.532948 
11 0.157214 0.390464 0.193371 0.258951 
3 0.225350 0.166797 0.215162 0.392691 
7 0.487064 0.173858 0.166899 0.172179 
2 0.072796 0.223038 0.097059 0.607107 
7 0.546786 0.132102 0.007149 0.313963 
10 0.402783 0.522497 0.068005 0.006715 
6 0.385835 0.554237 0.034736 0.025192 
8 0.140431 0.344600 0.405122 0.109847 
10 0.164719 0.149242 0.064508 0.621531 
10 0.405607 0.164503 0.073698 0.356192 
6 0.163292 0.363559 0.403203 0.069946 
5 0.052343 0.495931 0.113167 0.338559 
8 0.006645 0.018429 0.347142 0.627784 
1 0.492289 0.077722 0.094494 0.335495 
5 0.663588 0.170044 0.018720 0.147648 
11 0.483818 0.202118 0.296819 0.017245 
1 0.226107 0.578909 0.022279 0.172705 
5 0.559961 0.203208 0.216800 0.020031 
10 0.031186 0.438058 0.243046 0.287710 
1 0.338210 0.493289 0.163388 0.005113 
7 0.297559 0.037023 0.453249 0.212169 
10 0.464246 0.130935 0.184961 0.219858 
2 0.156614 0.110646 0.030195 0.702545 
11 0.166443 0.412162 0.168718 0.252677 
11 0.104989 0.213394 0.263742 0.417875 
5 0.059694 0.333257 0.309875 0.297174 
4 0.183579 0.450030 0.233866 0.132525 
9 0.206850 0.259184 0.178747 0.355219 
5 0.137903 0.128691 0.003208 0.730198 
5 0.052652 0.498605 0.226095 0.222648 
6 0.372478 0.018951 0.036348 0.572223 
1 0.280772 0.121690 0.307201 0.290337 
7 0.573219 0.320416 0.090577 0.015788 
11 0.594720 0.241772 0.118416 0.045092 
7 0.149964 0.041012 0.079902 0.729122 
2 0.715365 0.078205 0.035020 0.171410 
8 0.009177 0.839018 0.053728 0.098077 
9 0.266401 0.096603 0.241763 0.395233 
5 0.094552 0.208871 0.403472 0.293105 
9 0.043739 0.422669 0.211508 0.322084 
9 0.179714 0.097548 0.562778 0.159960 
3 0.213121 0.136058 0.275346 0.375475 
6 0.480146 0.080260 0.437113 0.002481 
9 0.550270 0.281372 0.074520 0.093838 
2 0.108325 0.359441 0.320192 0.212042 
1 0.123440 0.330453 0.258373 0.287734 
3 0.085008 0.144881 0.383372 0.386739 
5 0.493835 0.004385 0.202742 0.299038 
1 0.191318 0.686401 0.065145 0.057136 
9 0.498272 0.011992 0.455085 0.034651 
2 0.156841 0.119797 0.718543 0.004819 
8 0.479131 0.102553 0.001129 0.417187 
10 0.415328 0.179609 0.122665 0.282398 
6 0.075055 0.199783 0.614786 0.110376 
1 0.465573 0.065481 0.052984 0.415962 
9 0.214330 0.342734 0.404538 0.038398 
8 0.117694 0.345678 0.450268 0.086360 
11 0.071521 0.668028 0.076198 0.184253 
8 0.039478 0.355563 0.100655 0.504304 
10 0.077639 0.339154 0.264360 0.318847 
11 0.040143 0.045762 0.210824 0.703271 
9 0.660522 0.182182 0.134638 0.022658 
7 0.085104 0.603958 0.126718 0.184220 
3 0.030521 0.248251 0.329624 0.391604 
4 0.023404 0.733214 0.044365 0.199017 
5 0.030028 0.738235 0.008220 0.223517 
3 0.271025 0.152864 0.433043 0.143068 
10 0.223147 0.046073 0.577025 0.153755 
6 0.255599 0.478078 0.167298 0.099025 
10 0.182888 0.107431 0.472411 0.237270 
11 0.307823 0.449502 0.117060 0.125615 
10 0.333264 0.174714 0.164491 0.327531 
11 0.155458 0.041190 0.498766 0.304586 
7 0.041034 0.224469 0.002330 0.732167 
7 0.054790 0.062296 0.783887 0.099027 
4 0.183828 0.096538 0.232829 0.486805 
4 0.040073 0.073603 0.027602 0.858722 
11 0.102607 0.722437 0.162684 0.012272 
5 0.070066 0.051821 0.346658 0.531455 
4 0.118887 0.198189 0.632603 0.050321 
1 0.156007 0.405324 0.258856 0.179813 
3 0.029032 0.471414 0.059524 0.440030 
7 0.037326 0.565131 0.011548 0.385995 
9 0.014205 0.586936 0.352011 0.046848 
11 0.270808 0.123217 0.380935 0.225040 
4 0.328879 0.474349 0.131493 0.065279 
9 0.283824 0.290088 0.048431 0.377657 
9 0.358570 0.147068 0.333613 0.160749 
7 0.164387 0.200639 0.040937 0.594037 
5 0.506662 0.235697 0.203413 0.054228 
3 0.210067 0.199346 0.178613 0.411974 
6 0.315312 0.234926 0.300113 0.149649 
5 0.638100 0.042771 0.026100 0.293029 
8 0.240058 0.212251 0.207458 0.340233 
10 0.007329 0.701736 0.271422 0.019513 
3 0.034213 0.467658 0.487418 0.010711 
2 0.168477 0.531974 0.017409 0.282140 
1 0.937821 0.030182 0.011791 0.020206 
4 0.807831 0.024010 0.126435 0.041724 
11 0.412742 0.066352 0.511578 0.009328 
9 0.073525 0.097325 0.318329 0.510821 
1 0.102587 0.452078 0.255079 0.190256 
2 0.066646 0.506542 0.206016 0.220796 
1 0.193634 0.151107 0.581034 0.074225 
5 0.105470 0.668834 0.096142 0.129554 
3 0.147663 0.086047 0.470279 0.296011 
7 0.367373 0.300591 0.082280 0.249756 
3 0.318220 0.118023 0.352773 0.210984 
6 0.017696 0.475404 0.163523 0.343377 
2 0.416547 0.020116 0.318485 0.244852 
3 0.046453 0.045532 0.088272 0.819743 
7 0.059378 0.762386 0.136597 0.041639 
7 0.199884 0.031792 0.756375 0.011949 
3 0.278847 0.024397 0.549579 0.147177 
5 0.027085 0.476803 0.210046 0.286066 
3 0.357884 0.212147 0.127271 0.302698 
3 0.196853 0.070008 0.643514 0.089625 
3 0.220958 0.529342 0.130725 0.118975 
9 0.360394 0.148461 0.284915 0.206230 
2 0.226320 0.477459 0.221536 0.074685 
3 0.011905 0.127382 0.288365 0.572348 
8 0.305944 0.375418 0.172080 0.146558 
9 0.031752 0.724517 0.035993 0.207738 
8 0.617009 0.129962 0.159805 0.093224 
4 0.137219 0.299481 0.097063 0.466237 
4 0.102353 0.212326 0.632864 0.052457 
7 0.039614 0.151899 0.318419 0.490068 
4 0.244934 0.064094 0.511018 0.179954 
3 0.211455 0.297429 0.438817 0.052299 
10 0.358380 0.311356 0.092703 0.237561 
7 0.199964 0.107580 0.084647 0.607809 
1 0.123177 0.731937 0.130058 0.014828 
2 0.164875 0.227542 0.107353 0.500230 
10 0.076009 0.155862 0.667069 0.101060 
9 0.046595 0.223152 0.686364 0.043889 
2 0.447479 0.037313 0.019245 0.495963 
2 0.241935 0.700621 0.020968 0.036476 
5 0.005487 0.037174 0.528533 0.428806 
2 0.222246 0.013830 0.397431 0.366493 
10 0.194589 0.333238 0.079598 0.392575 
8 0.068195 0.123820 0.081327 0.726658 
2 0.206319 0.157448 0.185371 0.450862 
5 0.148031 0.198847 0.490587 0.162535 
3 0.222795 0.427497 0.189629 0.160079 
2 0.543753 0.212151 0.167188 0.076908 
7 0.321366 0.325172 0.134919 0.218543 
3 0.156483 0.342123 0.285562 0.215832 
9 0.112896 0.571158 0.133875 0.182071 
1 0.309076 0.157314 0.405228 0.128382 
11 0.329790 0.376194 0.217084 0.076932 
